  0.002527
  0.047463
  0.302426
  0.710664
  0.557825
  1.535298
  2.232538
  2.793130
  4.507125
  5.310500
  6.145529
  9.227899
  8.483733
 11.512205
 13.477027
 12.739407
 17.451906
 17.987268
 18.218781
 23.412516
 21.904993
 25.035778
 28.260813
 25.220306
 31.894125
 28.380533
 30.120823
 33.190704
 31.859283
 34.783134
 36.368881
 35.808346
 41.449642
 37.893654
 43.471272
 45.420185
 43.869091
 49.912418
 48.699589
 53.810104
 53.718056
 60.100510
 63.162144
 66.607140
 71.275337
 73.520500
 76.880836
 80.233147
 77.555794
 89.468201
 84.804710
 85.031685
 97.792206
 88.440033
100.039047
 99.657089
102.766159
111.403168
105.581955
111.859192
118.757050
111.855194
126.080246
125.268791
130.805939
137.655563
136.886032
152.677399
151.097397
153.820526
165.915833
165.163635
164.312027
175.796173
173.761063
183.622681
184.022003
191.356506
197.079071
201.338562
199.451797
215.148209
213.439987
216.479721
222.798157
225.272415
230.316971
231.608948
246.803787
253.270126
259.551941
269.425201
277.233215
283.411743
289.503143
294.052826
305.925262
307.391022
310.455109
327.039368
325.245209
339.224365
336.600311
358.485809
353.510468
355.787506
364.964935
365.144073
366.798248
373.333679
372.634766
389.510651
388.069061
394.778198
414.143860
409.814148
417.781036
424.230743
432.403503
429.919769
436.853516
445.975616
455.514069
455.504547
472.064697
479.430573
489.737518
489.688751
501.100372
506.834808
508.478912
502.873810
524.201355
518.960144
522.291016
533.606750
545.369324
547.488953
555.026855
555.900574
582.562195
554.342590
582.521667
576.930359
586.715271
587.340088
592.728638
605.055481
621.203308
602.163208
647.224487
633.020691
634.954956
649.860352
650.983887
652.711731
653.036072
657.742676
682.144714
665.458679
684.120361
696.210144
703.992615
698.081177
714.987122
709.259094
719.356567
701.003418
728.135925
728.234497
728.999939
730.144348
766.763855
742.613525
770.572021
760.155029
782.776306
769.038635
772.065308
788.152649
782.661926
791.378845
790.229370
811.890259
812.282410
809.757629
821.858459
853.323914
808.224487
858.804443
825.653381
859.018921
832.418030
852.306396
866.430725
867.507019
864.442810
888.626892
871.694885
906.313721
869.519592
915.557129
895.079712
894.497742
910.253967
913.246277
908.233398
932.462891
913.654541
962.833862
916.493225
975.571716
924.321960
979.451111
930.564392
972.660278
944.938049
985.286987
933.078918
1011.016785
950.837036
1013.565063
961.532654
1027.328369
989.057495
1008.819519
1005.008545
1009.431641
1010.178467
1020.465088
998.700928
1064.198975
1006.916504
1060.825562
1043.267212
1058.308228
1045.055786
1067.317993
1060.932617
1071.770996
1044.797485
1107.477295
1048.908691
1102.325439
1065.597046
1110.207764
1101.976440
1103.130005
1100.704590
1140.851196
1095.395996
1126.351929
1115.873169
1144.275391
1114.488281
1150.108276
1152.978882
1155.780029
1166.532837
1161.147095
1187.896484
1173.259033
1172.380005
1184.702393
1178.078491
1193.709229
1179.667358
1207.651001
1214.950562
1198.744385
1251.458740
1214.706787
1234.006226
1240.277954
1234.722168
1247.633789
1253.513184
1244.154785
1278.027466
1247.768188
1297.558594
1251.329712
1306.736084
1272.906006
1319.364624
1276.341064
1329.766602
1268.358643
1345.147827
1250.067383
1347.426758
1276.444458
1368.154175
1273.602051
1374.399658
1302.229980
1372.486450
1320.367188
1372.337402
1329.114990
1388.471069
1329.706421
1410.807617
1344.660767
1434.068726
1337.065918
1465.130005
1353.133301
1462.370117
1343.680054
1463.660767
1341.027588
1488.173340
1303.455078
1509.145020
1324.411133
1500.265259
1327.052734
1491.186646
1356.755737
1473.277344
1338.646851
1512.462769
1326.828979
1501.994263
1334.097656
1501.894409
1355.941040
1489.195312
1357.674316
1537.213257
1336.939331
1517.896851
1381.112915
1518.960571
1340.804077
1548.104004
1334.122925
1560.720581
1322.902710
1527.376465
1351.128906
1500.080566
1339.997314
1516.743774
1332.163208
1524.008057
1291.790283
1524.083984
1306.916870
1468.693115
1350.051636
1449.450562
1356.839722
1452.211670
1313.271729
1458.633911
1320.061035
1436.196167
1318.231689
1411.258667
1336.371582
1363.724976
1343.140015
1354.463257
1316.309814
1381.892456
1276.380615
1365.233521
1283.324219
1312.341675
1301.392578
1306.596436
1278.289673
1291.908203
1266.500244
1271.817871
1246.780884
1245.957275
1240.033203
1230.814819
1253.676147
1209.242432
1253.157715
1168.171021
1242.884521
1126.012695
1220.391235
1108.702881
1194.677979
1094.743286
1162.549561
1057.659058
1162.448730
1006.146362
1148.854004
991.794189
1096.411987
983.100037
1063.919556
960.392822
1015.470642
932.107422
1042.633057
861.958252
1039.718994
825.922363
1030.793579
824.866760
973.181580
812.946960
969.694885
753.069336
993.258484
696.011353
954.920715
704.771729
920.169556
709.272522
884.175171
690.579895
882.921936
598.241211
866.722107
589.539612
825.430542
575.680054
796.043335
559.320251
805.307007
470.612793
823.320129
461.668030
755.625366
438.705322
769.775879
378.326050
753.842041
320.664703
755.319946
324.544098
707.251038
318.889740
704.286743
286.495758
682.324585
236.869766
681.952087
199.148590
648.216797
198.530121
617.391479
152.347122
605.660889
 97.031403
645.369080
 51.812023
590.771423
 54.660656
568.222656
 13.167130
515.658325
 25.797777
527.537598
-46.132481
529.825989
-56.656452
516.086243
-97.307388
463.443329
-81.336304
461.829376
-181.175247
481.361816
-198.623428
442.204956
-228.576248
436.515320
-204.283203
403.009613
-239.905716
385.646973
-259.991608
347.203522
-312.768555
347.490631
-289.820221
295.446503
-305.442413
291.635986
-333.616364
274.264587
-372.430481
289.809540
-393.527191
255.181030
-447.360901
274.626617
-486.875519
232.030136
-498.739563
250.383286
-540.194153
206.202545
-539.237061
219.867096
-586.628540
170.009750
-587.466248
187.862244
-615.054993
123.645882
-605.895813
127.673592
-660.228271
172.010696
-710.036011
180.870239
-757.107544
143.320999
-767.303955
132.816666
-812.501221
153.661758
-849.834656
165.239716
-903.578674
146.476700
-890.662537
 83.074203
-881.628418
 52.981091
-902.144470
 62.752193
-997.601868
 90.473648
-1002.007935
 58.324646
-1025.551025
 72.958969
-1044.544800
 67.663177
-1101.863525
 77.797417
-1141.234863
 48.124371
-1142.955322
 42.181587
-1166.312012
 -9.420584
-1186.210938
  1.957625
-1196.109619
-49.277180
-1184.845703
-74.573883
-1230.753784
-69.941292
-1286.650757
-56.985184
-1301.085205
-87.018616
-1311.385864
-123.890266
-1316.095947
-140.336945
-1375.030151
-117.486145
-1411.747559
-144.169708
-1419.619751
-214.431122
-1386.340088
-269.699585
-1407.875732
-248.851974
-1451.572632
-267.950745
-1475.897339
-293.069061
-1507.024048
-327.838776
-1513.356323
-336.365204
-1533.419434
-330.988953
-1593.328491
-312.422516
-1608.731934
-357.708618
-1576.799438
-400.309082
-1590.507202
-416.055115
-1648.265381
-404.314026
-1661.132690
-481.749908
-1636.899658
-497.388397
-1667.627686
-511.622314
-1709.412231
-498.837769
-1755.764526
-537.414185
-1736.459106
-544.217102
-1791.859497
-559.729431
-1812.321655
-533.188538
-1858.661621
-566.941040
-1809.807373
-627.639099
-1824.959595
-650.378418
-1841.180298
-638.904724
-1850.505859
-676.028870
-1806.338135
-735.314453
-1847.887451
-706.644165
-1885.656982
-689.617920
-1936.322754
-694.009216
-1917.658936
-752.231384
-1933.852783
-777.554688
-1899.115723
-807.241333
-1948.074097
-778.196533
-1937.654297
-839.030334
-1930.803101
-877.566406
-1877.213257
-921.668762
-1900.731934
-886.088989
-1951.905518
-887.057861
-1953.072510
-878.873108
-1929.711426
-930.120178
-1926.365479
-903.416565
-1954.456787
-915.788635
-1940.420410
-923.959717
-1925.512695
-958.091125
-1910.931641
-969.671509
-1892.665649
-1007.356384
-1848.469482
-1016.040039
-1862.192871
-1014.685852
-1865.066772
-982.958008
-1913.587891
-974.453552
-1891.163818
-976.160034
-1894.369507
-986.483398
-1876.988647
-978.578857
-1915.883423
-953.879578
-1873.829956
-980.349426
-1878.571289
-998.104309
-1816.420410
-1032.971313
-1801.081787
-1020.666443
-1791.423706
-973.788147
-1848.143066
-938.813599
-1821.761353
-959.680237
-1786.396118
-964.277039
-1776.718262
-899.177307
-1811.091797
-864.679871
-1780.307617
-887.141968
-1727.531982
-919.099792
-1684.154419
-920.408203
-1686.299438
-911.004089
-1659.221680
-914.649841
-1625.682373
-915.355103
-1607.197754
-895.856934
-1630.276978
-858.348328
-1631.766846
-847.541016
-1588.667725
-859.375977
-1595.042480
-827.777100
-1590.657227
-798.477417
-1563.251343
-841.753784
-1491.311279
-865.255188
-1460.805420
-867.841064
-1458.473267
-837.606079
-1442.326660
-835.331604
-1410.471558
-840.467957
-1378.992798
-846.931274
-1390.173340
-785.037048
-1418.286255
-762.455261
-1408.206421
-766.387024
-1359.108398
-803.162292
-1318.188599
-782.634399
-1305.852417
-779.398193
-1284.989502
-795.468018
-1231.353271
-828.880005
-1189.398438
-816.377686
-1198.462280
-779.554260
-1212.050659
-752.784790
-1201.323975
-735.827515
-1196.152222
-716.605713
-1198.835938
-702.561401
-1174.915283
-707.934631
-1150.559570
-714.215637
-1104.351196
-724.509949
-1084.310425
-727.689941
-1057.121338
-733.855713
-1035.881348
-726.478210
-1004.462402
-732.188049
-1027.581055
-675.937805
-1038.294922
-651.610535
-1049.834717
-638.618347
-1009.120483
-658.611145
-1001.404175
-643.886414
-984.552612
-636.940491
-971.991089
-642.989502
-923.309570
-675.161804
-877.581726
-682.940063
-855.710083
-671.193176
-867.755737
-632.197205
-873.418701
-628.025024
-865.090576
-612.997925
-857.186462
-603.565063
-851.162231
-580.953613
-846.279297
-586.868164
-820.648071
-583.840881
-798.374023
-605.929504
-765.089233
-607.992859
-755.990295
-609.765015
-723.450989
-605.053955
-717.259644
-597.444458
-710.918091
-564.824463
-725.156189
-555.220581
-709.153625
-540.800110
-703.170349
-530.188721
-699.121094
-507.847107
-698.994934
-506.007904
-669.169250
-519.392883
-632.507385
-547.801514
-595.838379
-541.314087
-598.721191
-519.588257
-595.343140
-503.552765
-588.319580
-499.209717
-580.379272
-477.949982
-590.905212
-450.815033
-592.105835
-442.466705
-580.653320
-437.650940
-555.155457
-441.919434
-536.186768
-442.834930
-514.478516
-437.697937
-504.272186
-428.716675
-490.956421
-424.056488
-478.255096
-416.261688
-463.222076
-397.160370
-471.191925
-372.139923
-468.138214
-357.487183
-456.650208
-348.504700
-442.574463
-339.044952
-438.139954
-327.290588
-413.643524
-339.544586
-384.318054
-345.381042
-365.612915
-332.911163
-371.402588
-312.665222
-361.425110
-308.996063
-345.305664
-302.841644
-340.323730
-280.706451
-346.872070
-262.062042
-333.832550
-261.575806
-308.990967
-263.175751
-291.181244
-257.447174
-286.321167
-239.247375
-278.083344
-234.420151
-261.890381
-233.569778
-244.467880
-228.888260
-234.523529
-211.286209
-231.694962
-201.509003
-226.635773
-192.658646
-215.336990
-187.704559
-203.195297
-178.574554
-199.130295
-168.121231
-191.235977
-162.049042
-174.639313
-166.195312
-158.718918
-158.697845
-156.690094
-143.507492
-152.424515
-134.114777
-136.668106
-134.455719
-122.492012
-122.690933
-124.460854
-104.507599
-122.138855
-98.813637
-105.506577
-104.647163
-89.539070
-98.319649
-92.389542
-78.895622
-93.075272
-73.459938
-79.060883
-79.993736
-64.812111
-75.421043
-66.464546
-59.055332
-67.380676
-54.746147
-56.415749
-58.402885
-46.696156
-52.242542
-49.361065
-41.157909
-49.480499
-40.180180
-39.825123
-41.784039
-32.733265
-35.449585
-33.494713
-27.082487
-30.609768
-25.721611
-22.531551
-25.321789
-18.303900
-20.440214
-18.516720
-13.812668
-16.443548
-11.894277
-10.483511
-11.528619
 -7.096539
 -8.195485
 -6.541069
 -4.275792
 -5.181924
 -2.783288
 -2.432383
 -2.096041
 -0.939019
 -0.817118
 -0.431353
 -0.166514
 -0.090352
 -0.029187
 -0.003255
